image_width: 640
image_height: 480
camera_name: head_camera
camera_matrix:
  rows: 3
  cols: 3
  data: [652.894298, 0, 305.854348, 0, 656.7966280000001, 173.434011, 0, 0, 1]
distortion_model: plumb_bob
distortion_coefficients:
  rows: 1
  cols: 5
  data: [-0.103058, 0.077499, -0.0248, 0.007972999999999999, 0]
rectification_matrix:
  rows: 3
  cols: 3
  data: [1, 0, 0, 0, 1, 0, 0, 0, 1]
projection_matrix:
  rows: 3
  cols: 4
  data: [645.659363, 0, 309.743693, 0, 0, 638.1668089999999, 164.073058, 0, 0, 0, 1, 0]